3 0.470703125 0.4501953125 0.59375 0.6796875
3 0.6015625 0.1630859375 0.103515625 0.1015625
3 0.7216796875 0.30859375 0.0615234375 0.08984375
3 0.4453125 0.73046875 0.08203125 0.091796875
3 0.212890625 0.6640625 0.07421875 0.1064453125
3 0.720703125 0.484375 0.07421875 0.095703125
3 0.421875 0.6240234375 0.087890625 0.0537109375
3 0.63671875 0.6103515625 0.08984375 0.1064453125
3 0.62890625 0.380859375 0.08984375 0.078125
3 0.3408203125 0.7421875 0.0859375 0.099609375
3 0.50390625 0.6025390625 0.080078125 0.09375
3 0.56640625 0.4375 0.095703125 0.076171875
3 0.2900390625 0.646484375 0.072265625 0.095703125